0.0133243737363,0.971645599506,0.0954787330646,0.93451170196,0.961857239718,0.623199605294,0.925960886516,0.993372319688,0.249909798651,0.985895899168,0.113576059715,0.5,0.986097187413,0.91209106704,0.088709242914,0.0697593924425,0.5,0.106171527854,0.618610687347,0.5,0.5,0.5,0.5,0.5,0.5,0.5
0.995726495726,0.00458286569398,1.0,0.991690408357,0.993748021526,1.0,1.0,0.998207885305,0.998084291188,1.0,0.988343295533,0.5,1.0,0.975523779287,0.954298198053,0.956868009763,0.5,0.905925225621,0.993810786914,0.5,0.5,0.5,0.5,0.5,0.5,0.5

0.995726495726,0.00458286569398,1.0,0.991690408357,0.993748021526,1.0,1.0,0.998207885305,0.998084291188,1.0,0.988343295533,0.5,1.0,0.975523779287,0.954298198053,0.956868009763,0.5,0.905925225621,0.993810786914,0.5,0.5,0.5,0.5,0.5,0.5,0.5
0.0133243737363,0.971645599506,0.0954787330646,0.93451170196,0.961857239718,0.623199605294,0.925960886516,0.993372319688,0.249909798651,0.985895899168,0.113576059715,0.5,0.986097187413,0.91209106704,0.088709242914,0.0697593924425,0.5,0.106171527854,0.618610687347,0.5,0.5,0.5,0.5,0.5,0.5,0.5

0.00955513784461,0.973536082053,0.0856744442629,0.937195229922,0.9679589599,0.619577816825,0.938445127765,0.992543859649,0.24853982783,0.984132886564,0.111468719353,0.5,0.98435933584,0.906537233028,0.0889283330609,0.0676097512804,0.5,0.103138621009,0.617132675439,0.5,0.5,0.5,0.5,0.5,0.5,0.5
0.995192307692,0.00284090909091,1.0,0.995281339031,0.995281339031,1.0,1.0,0.997983870968,0.997844827586,1.0,0.989201022289,0.5,1.0,0.972464251698,0.94858547281,0.951476510983,0.5,0.914999212157,0.993037135279,0.5,0.5,0.5,0.5,0.5,0.5,0.5

0.00955513784461,0.973536082053,0.0856744442629,0.937195229922,0.9679589599,0.619577816825,0.938445127765,0.992543859649,0.24853982783,0.984132886564,0.111468719353,0.5,0.98435933584,0.906537233028,0.0889283330609,0.0676097512804,0.5,0.103138621009,0.617132675439,0.5,0.5,0.5,0.5,0.5,0.5,0.5
0.995192307692,0.00284090909091,1.0,0.995281339031,0.995281339031,1.0,1.0,0.997983870968,0.997844827586,1.0,0.989201022289,0.5,1.0,0.972464251698,0.94858547281,0.951476510983,0.5,0.914999212157,0.993037135279,0.5,0.5,0.5,0.5,0.5,0.5,0.5

0.995192307692,0.00284090909091,1.0,0.995281339031,0.995281339031,1.0,1.0,0.997983870968,0.997844827586,1.0,0.989201022289,0.5,1.0,0.972464251698,0.94858547281,0.951476510983,0.5,0.914999212157,0.993037135279,0.5,0.5,0.5,0.5,0.5,0.5,0.5
0.00955513784461,0.973536082053,0.0856744442629,0.937195229922,0.9679589599,0.619577816825,0.938445127765,0.992543859649,0.24853982783,0.984132886564,0.111468719353,0.5,0.98435933584,0.906537233028,0.0889283330609,0.0676097512804,0.5,0.103138621009,0.617132675439,0.5,0.5,0.5,0.5,0.5,0.5,0.5

0.995192307692,0.00284090909091,1.0,0.995281339031,0.995281339031,1.0,1.0,0.997983870968,0.997844827586,1.0,0.989201022289,0.5,1.0,0.972464251698,0.94858547281,0.951476510983,0.5,0.914999212157,0.993037135279,0.5,0.5,0.5,0.5,0.5,0.5,0.5
0.00955513784461,0.973536082053,0.0856744442629,0.937195229922,0.9679589599,0.619577816825,0.938445127765,0.992543859649,0.24853982783,0.984132886564,0.111468719353,0.5,0.98435933584,0.906537233028,0.0889283330609,0.0676097512804,0.5,0.103138621009,0.617132675439,0.5,0.5,0.5,0.5,0.5,0.5,0.5

0.00955513784461,0.978744415386,0.0856744442629,0.936968780647,0.967732510624,0.618219121173,0.937879004577,0.992543859649,0.243784393048,0.984132886564,0.106600059933,0.5,0.984246111202,0.906084334478,0.089607680887,0.0680626498311,0.5,0.0984964108642,0.615434305874,0.5,0.5,0.5,0.5,0.5,0.5,0.5
0.990562678063,0.00284090909091,0.99537037037,0.995281339031,0.995281339031,1.0,1.0,0.997983870968,0.997844827586,1.0,0.989201022289,0.5,1.0,0.972553283037,0.94395584318,0.946846881353,0.5,0.914999212157,0.993037135279,0.5,0.5,0.5,0.5,0.5,0.5,0.5

0.995192307692,0.00284090909091,1.0,0.995281339031,0.995281339031,1.0,1.0,0.997983870968,0.997844827586,1.0,0.989201022289,0.5,1.0,0.972464251698,0.94858547281,0.951476510983,0.5,0.914999212157,0.993037135279,0.5,0.5,0.5,0.5,0.5,0.5,0.5
0.00955513784461,0.973536082053,0.0856744442629,0.937195229922,0.9679589599,0.619577816825,0.938445127765,0.992543859649,0.24853982783,0.984132886564,0.111468719353,0.5,0.98435933584,0.906537233028,0.0889283330609,0.0676097512804,0.5,0.103138621009,0.617132675439,0.5,0.5,0.5,0.5,0.5,0.5,0.5

0.00955513784461,0.973536082053,0.0856744442629,0.937195229922,0.9679589599,0.619577816825,0.938445127765,0.992543859649,0.24853982783,0.984132886564,0.111468719353,0.5,0.98435933584,0.906537233028,0.0889283330609,0.0676097512804,0.5,0.103138621009,0.617132675439,0.5,0.5,0.5,0.5,0.5,0.5,0.5
0.995192307692,0.00284090909091,1.0,0.995281339031,0.995281339031,1.0,1.0,0.997983870968,0.997844827586,1.0,0.989201022289,0.5,1.0,0.972464251698,0.94858547281,0.951476510983,0.5,0.914999212157,0.993037135279,0.5,0.5,0.5,0.5,0.5,0.5,0.5

0.00955513784461,0.973536082053,0.0856744442629,0.937195229922,0.9679589599,0.619577816825,0.938445127765,0.992543859649,0.24853982783,0.984132886564,0.111468719353,0.5,0.98435933584,0.906537233028,0.0889283330609,0.0676097512804,0.5,0.103138621009,0.617132675439,0.5,0.5,0.5,0.5,0.5,0.5,0.5
0.995192307692,0.00284090909091,1.0,0.995281339031,0.995281339031,1.0,1.0,0.997983870968,0.997844827586,1.0,0.989201022289,0.5,1.0,0.972464251698,0.94858547281,0.951476510983,0.5,0.914999212157,0.993037135279,0.5,0.5,0.5,0.5,0.5,0.5,0.5

0.00955513784461,0.973536082053,0.0856744442629,0.937195229922,0.9679589599,0.619577816825,0.938445127765,0.992543859649,0.24853982783,0.984132886564,0.111468719353,0.5,0.98435933584,0.906537233028,0.0889283330609,0.0676097512804,0.5,0.103138621009,0.617132675439,0.5,0.5,0.5,0.5,0.5,0.5,0.5
0.995192307692,0.00284090909091,1.0,0.995281339031,0.995281339031,1.0,1.0,0.997983870968,0.997844827586,1.0,0.989201022289,0.5,1.0,0.972464251698,0.94858547281,0.951476510983,0.5,0.914999212157,0.993037135279,0.5,0.5,0.5,0.5,0.5,0.5,0.5

0.995192307692,0.00284090909091,1.0,0.995281339031,0.995281339031,1.0,1.0,0.997983870968,0.997844827586,1.0,0.989201022289,0.5,1.0,0.972464251698,0.94858547281,0.951476510983,0.5,0.914999212157,0.993037135279,0.5,0.5,0.5,0.5,0.5,0.5,0.5
0.00955513784461,0.973536082053,0.0856744442629,0.937195229922,0.9679589599,0.619577816825,0.938445127765,0.992543859649,0.24853982783,0.984132886564,0.111468719353,0.5,0.98435933584,0.906537233028,0.0889283330609,0.0676097512804,0.5,0.103138621009,0.617132675439,0.5,0.5,0.5,0.5,0.5,0.5,0.5

0.995192307692,0.00284090909091,1.0,0.995281339031,0.995281339031,1.0,1.0,0.997983870968,0.997844827586,1.0,0.989201022289,0.5,1.0,0.972464251698,0.94858547281,0.951476510983,0.5,0.914999212157,0.993037135279,0.5,0.5,0.5,0.5,0.5,0.5,0.5
0.00955513784461,0.973536082053,0.0856744442629,0.937195229922,0.9679589599,0.619577816825,0.938445127765,0.992543859649,0.24853982783,0.984132886564,0.111468719353,0.5,0.98435933584,0.906537233028,0.0889283330609,0.0676097512804,0.5,0.103138621009,0.617132675439,0.5,0.5,0.5,0.5,0.5,0.5,0.5

0.995192307692,0.00284090909091,1.0,0.995281339031,0.995281339031,1.0,1.0,0.997983870968,0.997844827586,1.0,0.989201022289,0.5,1.0,0.972464251698,0.94858547281,0.951476510983,0.5,0.914999212157,0.993037135279,0.5,0.5,0.5,0.5,0.5,0.5,0.5
0.00955513784461,0.973536082053,0.0856744442629,0.937195229922,0.9679589599,0.619577816825,0.938445127765,0.992543859649,0.24853982783,0.984132886564,0.111468719353,0.5,0.98435933584,0.906537233028,0.0889283330609,0.0676097512804,0.5,0.103138621009,0.617132675439,0.5,0.5,0.5,0.5,0.5,0.5,0.5

0.00955513784461,0.973536082053,0.0856744442629,0.937195229922,0.9679589599,0.619577816825,0.938445127765,0.992543859649,0.24853982783,0.984132886564,0.111468719353,0.5,0.98435933584,0.906537233028,0.0889283330609,0.0676097512804,0.5,0.103138621009,0.617132675439,0.5,0.5,0.5,0.5,0.5,0.5,0.5
0.995192307692,0.00284090909091,1.0,0.995281339031,0.995281339031,1.0,1.0,0.997983870968,0.997844827586,1.0,0.989201022289,0.5,1.0,0.972464251698,0.94858547281,0.951476510983,0.5,0.914999212157,0.993037135279,0.5,0.5,0.5,0.5,0.5,0.5,0.5

0.995192307692,0.00284090909091,1.0,0.995281339031,0.995281339031,1.0,1.0,0.997983870968,0.997844827586,1.0,0.989201022289,0.5,1.0,0.972464251698,0.94858547281,0.951476510983,0.5,0.914999212157,0.993037135279,0.5,0.5,0.5,0.5,0.5,0.5,0.5
0.00955513784461,0.973536082053,0.0856744442629,0.937195229922,0.9679589599,0.619577816825,0.938445127765,0.992543859649,0.24853982783,0.984132886564,0.111468719353,0.5,0.98435933584,0.906537233028,0.0889283330609,0.0676097512804,0.5,0.103138621009,0.617132675439,0.5,0.5,0.5,0.5,0.5,0.5,0.5

0.00955513784461,0.973536082053,0.0856744442629,0.937195229922,0.9679589599,0.619577816825,0.938445127765,0.992543859649,0.24853982783,0.984132886564,0.111468719353,0.5,0.98435933584,0.906537233028,0.0889283330609,0.0676097512804,0.5,0.103138621009,0.617132675439,0.5,0.5,0.5,0.5,0.5,0.5,0.5
0.995192307692,0.00284090909091,1.0,0.995281339031,0.995281339031,1.0,1.0,0.997983870968,0.997844827586,1.0,0.989201022289,0.5,1.0,0.972464251698,0.94858547281,0.951476510983,0.5,0.914999212157,0.993037135279,0.5,0.5,0.5,0.5,0.5,0.5,0.5

0.00955513784461,0.973536082053,0.0856744442629,0.937195229922,0.9679589599,0.619577816825,0.938445127765,0.992543859649,0.24853982783,0.984132886564,0.111468719353,0.5,0.98435933584,0.906537233028,0.0889283330609,0.0676097512804,0.5,0.103138621009,0.617132675439,0.5,0.5,0.5,0.5,0.5,0.5,0.5
0.995192307692,0.00284090909091,1.0,0.995281339031,0.995281339031,1.0,1.0,0.997983870968,0.997844827586,1.0,0.989201022289,0.5,1.0,0.972464251698,0.94858547281,0.951476510983,0.5,0.914999212157,0.993037135279,0.5,0.5,0.5,0.5,0.5,0.5,0.5

0.995192307692,0.00284090909091,1.0,0.995281339031,0.995281339031,1.0,1.0,0.997983870968,0.997844827586,1.0,0.989201022289,0.5,1.0,0.972464251698,0.94858547281,0.951476510983,0.5,0.914999212157,0.993037135279,0.5,0.5,0.5,0.5,0.5,0.5,0.5
0.00955513784461,0.973536082053,0.0856744442629,0.937195229922,0.9679589599,0.619577816825,0.938445127765,0.992543859649,0.24853982783,0.984132886564,0.111468719353,0.5,0.98435933584,0.906537233028,0.0889283330609,0.0676097512804,0.5,0.103138621009,0.617132675439,0.5,0.5,0.5,0.5,0.5,0.5,0.5

0.995192307692,0.00284090909091,1.0,0.995281339031,0.995281339031,1.0,1.0,0.997983870968,0.997844827586,1.0,0.989201022289,0.5,1.0,0.972464251698,0.94858547281,0.951476510983,0.5,0.914999212157,0.993037135279,0.5,0.5,0.5,0.5,0.5,0.5,0.5
0.00955513784461,0.973536082053,0.0856744442629,0.937195229922,0.9679589599,0.619577816825,0.938445127765,0.992543859649,0.24853982783,0.984132886564,0.111468719353,0.5,0.98435933584,0.906537233028,0.0889283330609,0.0676097512804,0.5,0.103138621009,0.617132675439,0.5,0.5,0.5,0.5,0.5,0.5,0.5

0.00955513784461,0.973536082053,0.0856744442629,0.937195229922,0.9679589599,0.619577816825,0.938445127765,0.992543859649,0.24853982783,0.984132886564,0.111468719353,0.5,0.98435933584,0.906537233028,0.0889283330609,0.0676097512804,0.5,0.103138621009,0.617132675439,0.5,0.5,0.5,0.5,0.5,0.5,0.5
0.995192307692,0.00284090909091,1.0,0.995281339031,0.995281339031,1.0,1.0,0.997983870968,0.997844827586,1.0,0.989201022289,0.5,1.0,0.972464251698,0.94858547281,0.951476510983,0.5,0.914999212157,0.993037135279,0.5,0.5,0.5,0.5,0.5,0.5,0.5

0.00955513784461,0.973536082053,0.0856744442629,0.937195229922,0.9679589599,0.619577816825,0.938445127765,0.992543859649,0.24853982783,0.984132886564,0.111468719353,0.5,0.98435933584,0.906537233028,0.0889283330609,0.0676097512804,0.5,0.103138621009,0.617132675439,0.5,0.5,0.5,0.5,0.5,0.5,0.5
0.995192307692,0.00284090909091,1.0,0.995281339031,0.995281339031,1.0,1.0,0.997983870968,0.997844827586,1.0,0.989201022289,0.5,1.0,0.972464251698,0.94858547281,0.951476510983,0.5,0.914999212157,0.993037135279,0.5,0.5,0.5,0.5,0.5,0.5,0.5

0.995192307692,0.00284090909091,1.0,0.995281339031,0.995281339031,1.0,1.0,0.997983870968,0.997844827586,1.0,0.989201022289,0.5,1.0,0.972464251698,0.94858547281,0.951476510983,0.5,0.914999212157,0.993037135279,0.5,0.5,0.5,0.5,0.5,0.5,0.5
0.00955513784461,0.973536082053,0.0856744442629,0.937195229922,0.9679589599,0.619577816825,0.938445127765,0.992543859649,0.24853982783,0.984132886564,0.111468719353,0.5,0.98435933584,0.906537233028,0.0889283330609,0.0676097512804,0.5,0.103138621009,0.617132675439,0.5,0.5,0.5,0.5,0.5,0.5,0.5

0.00955513784461,0.973536082053,0.0856744442629,0.937195229922,0.9679589599,0.619577816825,0.938445127765,0.992543859649,0.24853982783,0.984132886564,0.111468719353,0.5,0.98435933584,0.906537233028,0.0889283330609,0.0676097512804,0.5,0.103138621009,0.617132675439,0.5,0.5,0.5,0.5,0.5,0.5,0.5
0.995192307692,0.00284090909091,1.0,0.995281339031,0.995281339031,1.0,1.0,0.997983870968,0.997844827586,1.0,0.989201022289,0.5,1.0,0.972464251698,0.94858547281,0.951476510983,0.5,0.914999212157,0.993037135279,0.5,0.5,0.5,0.5,0.5,0.5,0.5

0.00955513784461,0.973536082053,0.0856744442629,0.937195229922,0.9679589599,0.619577816825,0.938445127765,0.992543859649,0.24853982783,0.984132886564,0.111468719353,0.5,0.98435933584,0.906537233028,0.0889283330609,0.0676097512804,0.5,0.103138621009,0.617132675439,0.5,0.5,0.5,0.5,0.5,0.5,0.5
0.995192307692,0.00284090909091,1.0,0.995281339031,0.995281339031,1.0,1.0,0.997983870968,0.997844827586,1.0,0.989201022289,0.5,1.0,0.972464251698,0.94858547281,0.951476510983,0.5,0.914999212157,0.993037135279,0.5,0.5,0.5,0.5,0.5,0.5,0.5

0.00955513784461,0.973536082053,0.0856744442629,0.937195229922,0.9679589599,0.619577816825,0.938445127765,0.992543859649,0.24853982783,0.984132886564,0.111468719353,0.5,0.98435933584,0.906537233028,0.0889283330609,0.0676097512804,0.5,0.103138621009,0.617132675439,0.5,0.5,0.5,0.5,0.5,0.5,0.5
0.995192307692,0.00284090909091,1.0,0.995281339031,0.995281339031,1.0,1.0,0.997983870968,0.997844827586,1.0,0.989201022289,0.5,1.0,0.972464251698,0.94858547281,0.951476510983,0.5,0.914999212157,0.993037135279,0.5,0.5,0.5,0.5,0.5,0.5,0.5

0.00955513784461,0.973536082053,0.0856744442629,0.937195229922,0.9679589599,0.619577816825,0.938445127765,0.992543859649,0.24853982783,0.984132886564,0.111468719353,0.5,0.98435933584,0.906537233028,0.0889283330609,0.0676097512804,0.5,0.103138621009,0.617132675439,0.5,0.5,0.5,0.5,0.5,0.5,0.5
0.995192307692,0.00284090909091,1.0,0.995281339031,0.995281339031,1.0,1.0,0.997983870968,0.997844827586,1.0,0.989201022289,0.5,1.0,0.972464251698,0.94858547281,0.951476510983,0.5,0.914999212157,0.993037135279,0.5,0.5,0.5,0.5,0.5,0.5,0.5

0.995192307692,0.00284090909091,1.0,0.995281339031,0.995281339031,1.0,1.0,0.997983870968,0.997844827586,1.0,0.989201022289,0.5,1.0,0.972464251698,0.94858547281,0.951476510983,0.5,0.914999212157,0.993037135279,0.5,0.5,0.5,0.5,0.5,0.5,0.5
0.00955513784461,0.973536082053,0.0856744442629,0.937195229922,0.9679589599,0.619577816825,0.938445127765,0.992543859649,0.24853982783,0.984132886564,0.111468719353,0.5,0.98435933584,0.906537233028,0.0889283330609,0.0676097512804,0.5,0.103138621009,0.617132675439,0.5,0.5,0.5,0.5,0.5,0.5,0.5

0.990562678063,0.00284090909091,0.99537037037,0.995281339031,0.995281339031,1.0,1.0,0.997983870968,0.997844827586,1.0,0.989201022289,0.5,1.0,0.972553283037,0.94395584318,0.946846881353,0.5,0.914999212157,0.993037135279,0.5,0.5,0.5,0.5,0.5,0.5,0.5
0.00955513784461,0.978744415386,0.0856744442629,0.936968780647,0.967732510624,0.618219121173,0.937879004577,0.992543859649,0.243784393048,0.984132886564,0.106600059932,0.5,0.984246111202,0.906084334478,0.089607680887,0.0680626498311,0.5,0.0984964108642,0.615434305874,0.5,0.5,0.5,0.5,0.5,0.5,0.5

0.00955513784461,0.973536082053,0.0856744442629,0.937195229922,0.9679589599,0.619577816825,0.938445127765,0.992543859649,0.24853982783,0.984132886564,0.111468719353,0.5,0.98435933584,0.906537233028,0.0889283330609,0.0676097512804,0.5,0.103138621009,0.617132675439,0.5,0.5,0.5,0.5,0.5,0.5,0.5
0.995192307692,0.00284090909091,1.0,0.995281339031,0.995281339031,1.0,1.0,0.997983870968,0.997844827586,1.0,0.989201022289,0.5,1.0,0.972464251698,0.94858547281,0.951476510983,0.5,0.914999212157,0.993037135279,0.5,0.5,0.5,0.5,0.5,0.5,0.5

0.995192307692,0.00284090909091,1.0,0.995281339031,0.995281339031,1.0,1.0,0.997983870968,0.997844827586,1.0,0.989201022289,0.5,1.0,0.972464251698,0.94858547281,0.951476510983,0.5,0.914999212157,0.993037135279,0.5,0.5,0.5,0.5,0.5,0.5,0.5
0.00955513784461,0.973536082053,0.0856744442629,0.937195229922,0.9679589599,0.619577816825,0.938445127765,0.992543859649,0.24853982783,0.984132886564,0.111468719353,0.5,0.98435933584,0.906537233028,0.0889283330609,0.0676097512804,0.5,0.103138621009,0.617132675439,0.5,0.5,0.5,0.5,0.5,0.5,0.5

0.00955513784461,0.973536082053,0.0856744442629,0.937195229922,0.9679589599,0.619577816825,0.938445127765,0.992543859649,0.24853982783,0.984132886564,0.111468719353,0.5,0.98435933584,0.906537233028,0.0889283330609,0.0676097512804,0.5,0.103138621009,0.617132675439,0.5,0.5,0.5,0.5,0.5,0.5,0.5
0.995192307692,0.00284090909091,1.0,0.995281339031,0.995281339031,1.0,1.0,0.997983870968,0.997844827586,1.0,0.989201022289,0.5,1.0,0.972464251698,0.94858547281,0.951476510983,0.5,0.914999212157,0.993037135279,0.5,0.5,0.5,0.5,0.5,0.5,0.5

0.00955513784461,0.973536082053,0.0856744442629,0.937195229922,0.9679589599,0.619577816825,0.938445127765,0.992543859649,0.24853982783,0.984132886564,0.111468719353,0.5,0.98435933584,0.906537233028,0.0889283330609,0.0676097512804,0.5,0.103138621009,0.617132675439,0.5,0.5,0.5,0.5,0.5,0.5,0.5
0.995192307692,0.00284090909091,1.0,0.995281339031,0.995281339031,1.0,1.0,0.997983870968,0.997844827586,1.0,0.989201022289,0.5,1.0,0.972464251698,0.94858547281,0.951476510983,0.5,0.914999212157,0.993037135279,0.5,0.5,0.5,0.5,0.5,0.5,0.5

0.00955513784461,0.973536082053,0.0856744442629,0.937195229922,0.9679589599,0.619577816825,0.938445127765,0.992543859649,0.24853982783,0.984132886564,0.111468719353,0.5,0.98435933584,0.906537233028,0.0889283330609,0.0676097512804,0.5,0.103138621009,0.617132675439,0.5,0.5,0.5,0.5,0.5,0.5,0.5
0.995192307692,0.00284090909091,1.0,0.995281339031,0.995281339031,1.0,1.0,0.997983870968,0.997844827586,1.0,0.989201022289,0.5,1.0,0.972464251698,0.94858547281,0.951476510983,0.5,0.914999212157,0.993037135279,0.5,0.5,0.5,0.5,0.5,0.5,0.5

0.995192307692,0.00284090909091,1.0,0.995281339031,0.995281339031,1.0,1.0,0.997983870968,0.997844827586,1.0,0.989201022289,0.5,1.0,0.972464251698,0.94858547281,0.951476510983,0.5,0.914999212157,0.993037135279,0.5,0.5,0.5,0.5,0.5,0.5,0.5
0.00955513784461,0.973536082053,0.0856744442629,0.937195229922,0.9679589599,0.619577816825,0.938445127765,0.992543859649,0.24853982783,0.984132886564,0.111468719353,0.5,0.98435933584,0.906537233028,0.0889283330609,0.0676097512804,0.5,0.103138621009,0.617132675439,0.5,0.5,0.5,0.5,0.5,0.5,0.5

0.00955513784461,0.973536082053,0.0856744442629,0.937195229922,0.9679589599,0.619577816825,0.938445127765,0.992543859649,0.24853982783,0.984132886564,0.111468719353,0.5,0.98435933584,0.906537233028,0.0889283330609,0.0676097512804,0.5,0.103138621009,0.617132675439,0.5,0.5,0.5,0.5,0.5,0.5,0.5
0.995192307692,0.00284090909091,1.0,0.995281339031,0.995281339031,1.0,1.0,0.997983870968,0.997844827586,1.0,0.989201022289,0.5,1.0,0.972464251698,0.94858547281,0.951476510983,0.5,0.914999212157,0.993037135279,0.5,0.5,0.5,0.5,0.5,0.5,0.5

0.00955513784461,0.978744415386,0.0856744442629,0.936968780647,0.967732510624,0.618219121173,0.937879004577,0.992543859649,0.243784393048,0.984132886564,0.106600059933,0.5,0.984246111202,0.906084334478,0.089607680887,0.0680626498311,0.5,0.0984964108642,0.615434305874,0.5,0.5,0.5,0.5,0.5,0.5,0.5
0.990562678063,0.00284090909091,0.99537037037,0.995281339031,0.995281339031,1.0,1.0,0.997983870968,0.997844827586,1.0,0.989201022289,0.5,1.0,0.972553283037,0.94395584318,0.946846881353,0.5,0.914999212157,0.993037135279,0.5,0.5,0.5,0.5,0.5,0.5,0.5

0.00955513784461,0.973536082053,0.0856744442629,0.937195229922,0.9679589599,0.619577816825,0.938445127765,0.992543859649,0.24853982783,0.984132886564,0.111468719353,0.5,0.98435933584,0.906537233028,0.0889283330609,0.0676097512804,0.5,0.103138621009,0.617132675439,0.5,0.5,0.5,0.5,0.5,0.5,0.5
0.995192307692,0.00284090909091,1.0,0.995281339031,0.995281339031,1.0,1.0,0.997983870968,0.997844827586,1.0,0.989201022289,0.5,1.0,0.972464251698,0.94858547281,0.951476510983,0.5,0.914999212157,0.993037135279,0.5,0.5,0.5,0.5,0.5,0.5,0.5

0.995192307692,0.00284090909091,1.0,0.995281339031,0.995281339031,1.0,1.0,0.997983870968,0.997844827586,1.0,0.989201022289,0.5,1.0,0.972464251698,0.94858547281,0.951476510983,0.5,0.914999212157,0.993037135279,0.5,0.5,0.5,0.5,0.5,0.5,0.5
0.00955513784461,0.973536082053,0.0856744442629,0.937195229922,0.9679589599,0.619577816825,0.938445127765,0.992543859649,0.24853982783,0.984132886564,0.111468719353,0.5,0.98435933584,0.906537233028,0.0889283330609,0.0676097512804,0.5,0.103138621009,0.617132675439,0.5,0.5,0.5,0.5,0.5,0.5,0.5

0.995192307692,0.00284090909091,1.0,0.995281339031,0.995281339031,1.0,1.0,0.997983870968,0.997844827586,1.0,0.989201022289,0.5,1.0,0.972464251698,0.94858547281,0.951476510983,0.5,0.914999212157,0.993037135279,0.5,0.5,0.5,0.5,0.5,0.5,0.5
0.00955513784461,0.973536082053,0.0856744442629,0.937195229922,0.9679589599,0.619577816825,0.938445127765,0.992543859649,0.24853982783,0.984132886564,0.111468719353,0.5,0.98435933584,0.906537233028,0.0889283330609,0.0676097512804,0.5,0.103138621009,0.617132675439,0.5,0.5,0.5,0.5,0.5,0.5,0.5

0.00955513784461,0.973536082053,0.0856744442629,0.937195229922,0.9679589599,0.619577816825,0.938445127765,0.992543859649,0.24853982783,0.984132886564,0.111468719353,0.5,0.98435933584,0.906537233028,0.0889283330609,0.0676097512804,0.5,0.103138621009,0.617132675439,0.5,0.5,0.5,0.5,0.5,0.5,0.5
0.995192307692,0.00284090909091,1.0,0.995281339031,0.995281339031,1.0,1.0,0.997983870968,0.997844827586,1.0,0.989201022289,0.5,1.0,0.972464251698,0.94858547281,0.951476510983,0.5,0.914999212157,0.993037135279,0.5,0.5,0.5,0.5,0.5,0.5,0.5

0.00955513784461,0.973536082053,0.0856744442629,0.937195229922,0.9679589599,0.619577816825,0.938445127765,0.992543859649,0.24853982783,0.984132886564,0.111468719353,0.5,0.98435933584,0.906537233028,0.0889283330609,0.0676097512804,0.5,0.103138621009,0.617132675439,0.5,0.5,0.5,0.5,0.5,0.5,0.5
0.995192307692,0.00284090909091,1.0,0.995281339031,0.995281339031,1.0,1.0,0.997983870968,0.997844827586,1.0,0.989201022289,0.5,1.0,0.972464251698,0.94858547281,0.951476510983,0.5,0.914999212157,0.993037135279,0.5,0.5,0.5,0.5,0.5,0.5,0.5

0.995192307692,0.00284090909091,1.0,0.995281339031,0.995281339031,1.0,1.0,0.997983870968,0.997844827586,1.0,0.989201022289,0.5,1.0,0.972464251698,0.94858547281,0.951476510983,0.5,0.914999212157,0.993037135279,0.5,0.5,0.5,0.5,0.5,0.5,0.5
0.00955513784461,0.973536082053,0.0856744442629,0.937195229922,0.9679589599,0.619577816825,0.938445127765,0.992543859649,0.24853982783,0.984132886564,0.111468719353,0.5,0.98435933584,0.906537233028,0.0889283330609,0.0676097512804,0.5,0.103138621009,0.617132675439,0.5,0.5,0.5,0.5,0.5,0.5,0.5

0.00955513784461,0.973536082053,0.0856744442629,0.937195229922,0.9679589599,0.619577816825,0.938445127765,0.992543859649,0.24853982783,0.984132886564,0.111468719353,0.5,0.98435933584,0.906537233028,0.0889283330609,0.0676097512804,0.5,0.103138621009,0.617132675439,0.5,0.5,0.5,0.5,0.5,0.5,0.5
0.995192307692,0.00284090909091,1.0,0.995281339031,0.995281339031,1.0,1.0,0.997983870968,0.997844827586,1.0,0.989201022289,0.5,1.0,0.972464251698,0.94858547281,0.951476510983,0.5,0.914999212157,0.993037135279,0.5,0.5,0.5,0.5,0.5,0.5,0.5

0.00955513784461,0.973536082053,0.0856744442629,0.937195229922,0.9679589599,0.619577816825,0.938445127765,0.992543859649,0.24853982783,0.984132886564,0.111468719353,0.5,0.98435933584,0.906537233028,0.0889283330609,0.0676097512804,0.5,0.103138621009,0.617132675439,0.5,0.5,0.5,0.5,0.5,0.5,0.5
0.995192307692,0.00284090909091,1.0,0.995281339031,0.995281339031,1.0,1.0,0.997983870968,0.997844827586,1.0,0.989201022289,0.5,1.0,0.972464251698,0.94858547281,0.951476510983,0.5,0.914999212157,0.993037135279,0.5,0.5,0.5,0.5,0.5,0.5,0.5

0.995192307692,0.00284090909091,1.0,0.995281339031,0.995281339031,1.0,1.0,0.997983870968,0.997844827586,1.0,0.989201022289,0.5,1.0,0.972464251698,0.94858547281,0.951476510983,0.5,0.914999212157,0.993037135279,0.5,0.5,0.5,0.5,0.5,0.5,0.5
0.00955513784461,0.973536082053,0.0856744442629,0.937195229922,0.9679589599,0.619577816825,0.938445127765,0.992543859649,0.24853982783,0.984132886564,0.111468719353,0.5,0.98435933584,0.906537233028,0.0889283330609,0.0676097512804,0.5,0.103138621009,0.617132675439,0.5,0.5,0.5,0.5,0.5,0.5,0.5

0.995192307692,0.00284090909091,1.0,0.995281339031,0.995281339031,1.0,1.0,0.997983870968,0.997844827586,1.0,0.989201022289,0.5,1.0,0.972464251698,0.94858547281,0.951476510983,0.5,0.914999212157,0.993037135279,0.5,0.5,0.5,0.5,0.5,0.5,0.5
0.00955513784461,0.973536082053,0.0856744442629,0.937195229922,0.9679589599,0.619577816825,0.938445127765,0.992543859649,0.24853982783,0.984132886564,0.111468719353,0.5,0.98435933584,0.906537233028,0.0889283330609,0.0676097512804,0.5,0.103138621009,0.617132675439,0.5,0.5,0.5,0.5,0.5,0.5,0.5

0.00955513784461,0.973536082053,0.0856744442629,0.937195229922,0.9679589599,0.619577816825,0.938445127765,0.992543859649,0.24853982783,0.984132886564,0.111468719353,0.5,0.98435933584,0.906537233028,0.0889283330609,0.0676097512804,0.5,0.103138621009,0.617132675439,0.5,0.5,0.5,0.5,0.5,0.5,0.5
0.995192307692,0.00284090909091,1.0,0.995281339031,0.995281339031,1.0,1.0,0.997983870968,0.997844827586,1.0,0.989201022289,0.5,1.0,0.972464251698,0.94858547281,0.951476510983,0.5,0.914999212157,0.993037135279,0.5,0.5,0.5,0.5,0.5,0.5,0.5

0.00955513784461,0.973536082053,0.0856744442629,0.937195229922,0.9679589599,0.619577816825,0.938445127765,0.992543859649,0.24853982783,0.984132886564,0.111468719353,0.5,0.98435933584,0.906537233028,0.0889283330609,0.0676097512804,0.5,0.103138621009,0.617132675439,0.5,0.5,0.5,0.5,0.5,0.5,0.5
0.995192307692,0.00284090909091,1.0,0.995281339031,0.995281339031,1.0,1.0,0.997983870968,0.997844827586,1.0,0.989201022289,0.5,1.0,0.972464251698,0.94858547281,0.951476510983,0.5,0.914999212157,0.993037135279,0.5,0.5,0.5,0.5,0.5,0.5,0.5

0.00955513784461,0.973536082053,0.0856744442629,0.937195229922,0.9679589599,0.619577816825,0.938445127765,0.992543859649,0.24853982783,0.984132886564,0.111468719353,0.5,0.98435933584,0.906537233028,0.0889283330609,0.0676097512804,0.5,0.103138621009,0.617132675439,0.5,0.5,0.5,0.5,0.5,0.5,0.5
0.995192307692,0.00284090909091,1.0,0.995281339031,0.995281339031,1.0,1.0,0.997983870968,0.997844827586,1.0,0.989201022289,0.5,1.0,0.972464251698,0.94858547281,0.951476510983,0.5,0.914999212157,0.993037135279,0.5,0.5,0.5,0.5,0.5,0.5,0.5

0.995192307692,0.00284090909091,1.0,0.995281339031,0.995281339031,1.0,1.0,0.997983870968,0.997844827586,1.0,0.989201022289,0.5,1.0,0.972464251698,0.94858547281,0.951476510983,0.5,0.914999212157,0.993037135279,0.5,0.5,0.5,0.5,0.5,0.5,0.5
0.00955513784461,0.973536082053,0.0856744442629,0.937195229922,0.9679589599,0.619577816825,0.938445127765,0.992543859649,0.24853982783,0.984132886564,0.111468719353,0.5,0.98435933584,0.906537233028,0.0889283330609,0.0676097512804,0.5,0.103138621009,0.617132675439,0.5,0.5,0.5,0.5,0.5,0.5,0.5

0.00955513784461,0.973536082053,0.0856744442629,0.937195229922,0.9679589599,0.619577816825,0.938445127765,0.992543859649,0.24853982783,0.984132886564,0.111468719353,0.5,0.98435933584,0.906537233028,0.0889283330609,0.0676097512804,0.5,0.103138621009,0.617132675439,0.5,0.5,0.5,0.5,0.5,0.5,0.5
0.995192307692,0.00284090909091,1.0,0.995281339031,0.995281339031,1.0,1.0,0.997983870968,0.997844827586,1.0,0.989201022289,0.5,1.0,0.972464251698,0.94858547281,0.951476510983,0.5,0.914999212157,0.993037135279,0.5,0.5,0.5,0.5,0.5,0.5,0.5

0.00955513784461,0.973536082053,0.0856744442629,0.937195229922,0.9679589599,0.619577816825,0.938445127765,0.992543859649,0.24853982783,0.984132886564,0.111468719353,0.5,0.98435933584,0.906537233028,0.0889283330609,0.0676097512804,0.5,0.103138621009,0.617132675439,0.5,0.5,0.5,0.5,0.5,0.5,0.5
0.995192307692,0.00284090909091,1.0,0.995281339031,0.995281339031,1.0,1.0,0.997983870968,0.997844827586,1.0,0.989201022289,0.5,1.0,0.972464251698,0.94858547281,0.951476510983,0.5,0.914999212157,0.993037135279,0.5,0.5,0.5,0.5,0.5,0.5,0.5

0.00955513784461,0.973536082053,0.0856744442629,0.937195229922,0.9679589599,0.619577816825,0.938445127765,0.992543859649,0.24853982783,0.984132886564,0.111468719353,0.5,0.98435933584,0.906537233028,0.0889283330609,0.0676097512804,0.5,0.103138621009,0.617132675439,0.5,0.5,0.5,0.5,0.5,0.5,0.5
0.995192307692,0.00284090909091,1.0,0.995281339031,0.995281339031,1.0,1.0,0.997983870968,0.997844827586,1.0,0.989201022289,0.5,1.0,0.972464251698,0.94858547281,0.951476510983,0.5,0.914999212157,0.993037135279,0.5,0.5,0.5,0.5,0.5,0.5,0.5

0.00955513784461,0.973536082053,0.0856744442629,0.937195229922,0.9679589599,0.619577816825,0.938445127765,0.992543859649,0.24853982783,0.984132886564,0.111468719353,0.5,0.98435933584,0.906537233028,0.0889283330609,0.0676097512804,0.5,0.103138621009,0.617132675439,0.5,0.5,0.5,0.5,0.5,0.5,0.5
0.995192307692,0.00284090909091,1.0,0.995281339031,0.995281339031,1.0,1.0,0.997983870968,0.997844827586,1.0,0.989201022289,0.5,1.0,0.972464251698,0.94858547281,0.951476510983,0.5,0.914999212157,0.993037135279,0.5,0.5,0.5,0.5,0.5,0.5,0.5

0.00955513784461,0.978744415386,0.0856744442629,0.936968780647,0.967732510624,0.618219121173,0.937879004577,0.992543859649,0.243784393048,0.984132886564,0.106600059933,0.5,0.984246111202,0.906084334478,0.089607680887,0.0680626498311,0.5,0.0984964108642,0.615434305874,0.5,0.5,0.5,0.5,0.5,0.5,0.5
0.990562678063,0.00284090909091,0.99537037037,0.995281339031,0.995281339031,1.0,1.0,0.997983870968,0.997844827586,1.0,0.989201022289,0.5,1.0,0.972553283037,0.94395584318,0.946846881353,0.5,0.914999212157,0.993037135279,0.5,0.5,0.5,0.5,0.5,0.5,0.5

0.00955513784461,0.973536082053,0.0856744442629,0.937195229922,0.9679589599,0.619577816825,0.938445127765,0.992543859649,0.24853982783,0.984132886564,0.111468719353,0.5,0.98435933584,0.906537233028,0.0889283330609,0.0676097512804,0.5,0.103138621009,0.617132675439,0.5,0.5,0.5,0.5,0.5,0.5,0.5
0.995192307692,0.00284090909091,1.0,0.995281339031,0.995281339031,1.0,1.0,0.997983870968,0.997844827586,1.0,0.989201022289,0.5,1.0,0.972464251698,0.94858547281,0.951476510983,0.5,0.914999212157,0.993037135279,0.5,0.5,0.5,0.5,0.5,0.5,0.5

0.995192307692,0.00284090909091,1.0,0.995281339031,0.995281339031,1.0,1.0,0.997983870968,0.997844827586,1.0,0.989201022289,0.5,1.0,0.972464251698,0.94858547281,0.951476510983,0.5,0.914999212157,0.993037135279,0.5,0.5,0.5,0.5,0.5,0.5,0.5
0.00955513784461,0.973536082053,0.0856744442629,0.937195229922,0.9679589599,0.619577816825,0.938445127765,0.992543859649,0.24853982783,0.984132886564,0.111468719353,0.5,0.98435933584,0.906537233028,0.0889283330609,0.0676097512804,0.5,0.103138621009,0.617132675439,0.5,0.5,0.5,0.5,0.5,0.5,0.5

0.990562678063,0.00284090909091,0.99537037037,0.995281339031,0.995281339031,1.0,1.0,0.997983870968,0.997844827586,1.0,0.989201022289,0.5,1.0,0.972553283037,0.94395584318,0.946846881353,0.5,0.914999212157,0.993037135279,0.5,0.5,0.5,0.5,0.5,0.5,0.5
0.00955513784461,0.978744415386,0.0856744442629,0.936968780647,0.967732510624,0.618219121173,0.937879004577,0.992543859649,0.243784393048,0.984132886564,0.106600059932,0.5,0.984246111202,0.906084334478,0.089607680887,0.0680626498311,0.5,0.0984964108642,0.615434305874,0.5,0.5,0.5,0.5,0.5,0.5,0.5

0.995192307692,0.00284090909091,1.0,0.995281339031,0.995281339031,1.0,1.0,0.997983870968,0.997844827586,1.0,0.989201022289,0.5,1.0,0.972464251698,0.94858547281,0.951476510983,0.5,0.914999212157,0.993037135279,0.5,0.5,0.5,0.5,0.5,0.5,0.5
0.00955513784461,0.973536082053,0.0856744442629,0.937195229922,0.9679589599,0.619577816825,0.938445127765,0.992543859649,0.24853982783,0.984132886564,0.111468719353,0.5,0.98435933584,0.906537233028,0.0889283330609,0.0676097512804,0.5,0.103138621009,0.617132675439,0.5,0.5,0.5,0.5,0.5,0.5,0.5

0.995192307692,0.00284090909091,1.0,0.995281339031,0.995281339031,1.0,1.0,0.997983870968,0.997844827586,1.0,0.989201022289,0.5,1.0,0.972464251698,0.94858547281,0.951476510983,0.5,0.914999212157,0.993037135279,0.5,0.5,0.5,0.5,0.5,0.5,0.5
0.00955513784461,0.973536082053,0.0856744442629,0.937195229922,0.9679589599,0.619577816825,0.938445127765,0.992543859649,0.24853982783,0.984132886564,0.111468719353,0.5,0.98435933584,0.906537233028,0.0889283330609,0.0676097512804,0.5,0.103138621009,0.617132675439,0.5,0.5,0.5,0.5,0.5,0.5,0.5

0.995192307692,0.00284090909091,1.0,0.995281339031,0.995281339031,1.0,1.0,0.997983870968,0.997844827586,1.0,0.989201022289,0.5,1.0,0.972464251698,0.94858547281,0.951476510983,0.5,0.914999212157,0.993037135279,0.5,0.5,0.5,0.5,0.5,0.5,0.5
0.00955513784461,0.973536082053,0.0856744442629,0.937195229922,0.9679589599,0.619577816825,0.938445127765,0.992543859649,0.24853982783,0.984132886564,0.111468719353,0.5,0.98435933584,0.906537233028,0.0889283330609,0.0676097512804,0.5,0.103138621009,0.617132675439,0.5,0.5,0.5,0.5,0.5,0.5,0.5

0.00955513784461,0.973536082053,0.0856744442629,0.937195229922,0.9679589599,0.619577816825,0.938445127765,0.992543859649,0.24853982783,0.984132886564,0.111468719353,0.5,0.98435933584,0.906537233028,0.0889283330609,0.0676097512804,0.5,0.103138621009,0.617132675439,0.5,0.5,0.5,0.5,0.5,0.5,0.5
0.995192307692,0.00284090909091,1.0,0.995281339031,0.995281339031,1.0,1.0,0.997983870968,0.997844827586,1.0,0.989201022289,0.5,1.0,0.972464251698,0.94858547281,0.951476510983,0.5,0.914999212157,0.993037135279,0.5,0.5,0.5,0.5,0.5,0.5,0.5

0.00955513784461,0.973536082053,0.0856744442629,0.937195229922,0.9679589599,0.619577816825,0.938445127765,0.992543859649,0.24853982783,0.984132886564,0.111468719353,0.5,0.98435933584,0.906537233028,0.0889283330609,0.0676097512804,0.5,0.103138621009,0.617132675439,0.5,0.5,0.5,0.5,0.5,0.5,0.5
0.995192307692,0.00284090909091,1.0,0.995281339031,0.995281339031,1.0,1.0,0.997983870968,0.997844827586,1.0,0.989201022289,0.5,1.0,0.972464251698,0.94858547281,0.951476510983,0.5,0.914999212157,0.993037135279,0.5,0.5,0.5,0.5,0.5,0.5,0.5

0.00955513784461,0.978744415386,0.0856744442629,0.936968780647,0.967732510624,0.618219121173,0.937879004577,0.992543859649,0.243784393048,0.984132886564,0.106600059933,0.5,0.984246111202,0.906084334478,0.089607680887,0.0680626498311,0.5,0.0984964108642,0.615434305874,0.5,0.5,0.5,0.5,0.5,0.5,0.5
0.990562678063,0.00284090909091,0.99537037037,0.995281339031,0.995281339031,1.0,1.0,0.997983870968,0.997844827586,1.0,0.989201022289,0.5,1.0,0.972553283037,0.94395584318,0.946846881353,0.5,0.914999212157,0.993037135279,0.5,0.5,0.5,0.5,0.5,0.5,0.5

0.995192307692,0.00284090909091,1.0,0.995281339031,0.995281339031,1.0,1.0,0.997983870968,0.997844827586,1.0,0.989201022289,0.5,1.0,0.972464251698,0.94858547281,0.951476510983,0.5,0.914999212157,0.993037135279,0.5,0.5,0.5,0.5,0.5,0.5,0.5
0.00955513784461,0.973536082053,0.0856744442629,0.937195229922,0.9679589599,0.619577816825,0.938445127765,0.992543859649,0.24853982783,0.984132886564,0.111468719353,0.5,0.98435933584,0.906537233028,0.0889283330609,0.0676097512804,0.5,0.103138621009,0.617132675439,0.5,0.5,0.5,0.5,0.5,0.5,0.5

0.00955513784461,0.973536082053,0.0856744442629,0.937195229922,0.9679589599,0.619577816825,0.938445127765,0.992543859649,0.24853982783,0.984132886564,0.111468719353,0.5,0.98435933584,0.906537233028,0.0889283330609,0.0676097512804,0.5,0.103138621009,0.617132675439,0.5,0.5,0.5,0.5,0.5,0.5,0.5
0.995192307692,0.00284090909091,1.0,0.995281339031,0.995281339031,1.0,1.0,0.997983870968,0.997844827586,1.0,0.989201022289,0.5,1.0,0.972464251698,0.94858547281,0.951476510983,0.5,0.914999212157,0.993037135279,0.5,0.5,0.5,0.5,0.5,0.5,0.5

0.00955513784461,0.973536082053,0.0856744442629,0.937195229922,0.9679589599,0.619577816825,0.938445127765,0.992543859649,0.24853982783,0.984132886564,0.111468719353,0.5,0.98435933584,0.906537233028,0.0889283330609,0.0676097512804,0.5,0.103138621009,0.617132675439,0.5,0.5,0.5,0.5,0.5,0.5,0.5
0.995192307692,0.00284090909091,1.0,0.995281339031,0.995281339031,1.0,1.0,0.997983870968,0.997844827586,1.0,0.989201022289,0.5,1.0,0.972464251698,0.94858547281,0.951476510983,0.5,0.914999212157,0.993037135279,0.5,0.5,0.5,0.5,0.5,0.5,0.5

0.995192307692,0.00284090909091,1.0,0.995281339031,0.995281339031,1.0,1.0,0.997983870968,0.997844827586,1.0,0.989201022289,0.5,1.0,0.972464251698,0.94858547281,0.951476510983,0.5,0.914999212157,0.993037135279,0.5,0.5,0.5,0.5,0.5,0.5,0.5
0.00955513784461,0.973536082053,0.0856744442629,0.937195229922,0.9679589599,0.619577816825,0.938445127765,0.992543859649,0.24853982783,0.984132886564,0.111468719353,0.5,0.98435933584,0.906537233028,0.0889283330609,0.0676097512804,0.5,0.103138621009,0.617132675439,0.5,0.5,0.5,0.5,0.5,0.5,0.5

0.995192307692,0.00284090909091,1.0,0.995281339031,0.995281339031,1.0,1.0,0.997983870968,0.997844827586,1.0,0.989201022289,0.5,1.0,0.972464251698,0.94858547281,0.951476510983,0.5,0.914999212157,0.993037135279,0.5,0.5,0.5,0.5,0.5,0.5,0.5
0.00955513784461,0.973536082053,0.0856744442629,0.937195229922,0.9679589599,0.619577816825,0.938445127765,0.992543859649,0.24853982783,0.984132886564,0.111468719353,0.5,0.98435933584,0.906537233028,0.0889283330609,0.0676097512804,0.5,0.103138621009,0.617132675439,0.5,0.5,0.5,0.5,0.5,0.5,0.5

0.995192307692,0.00284090909091,1.0,0.995281339031,0.995281339031,1.0,1.0,0.997983870968,0.997844827586,1.0,0.989201022289,0.5,1.0,0.972464251698,0.94858547281,0.951476510983,0.5,0.914999212157,0.993037135279,0.5,0.5,0.5,0.5,0.5,0.5,0.5
0.00955513784461,0.973536082053,0.0856744442629,0.937195229922,0.9679589599,0.619577816825,0.938445127765,0.992543859649,0.24853982783,0.984132886564,0.111468719353,0.5,0.98435933584,0.906537233028,0.0889283330609,0.0676097512804,0.5,0.103138621009,0.617132675439,0.5,0.5,0.5,0.5,0.5,0.5,0.5

0.995192307692,0.00284090909091,1.0,0.995281339031,0.995281339031,1.0,1.0,0.997983870968,0.997844827586,1.0,0.989201022289,0.5,1.0,0.972464251698,0.94858547281,0.951476510983,0.5,0.914999212157,0.993037135279,0.5,0.5,0.5,0.5,0.5,0.5,0.5
0.00955513784461,0.973536082053,0.0856744442629,0.937195229922,0.9679589599,0.619577816825,0.938445127765,0.992543859649,0.24853982783,0.984132886564,0.111468719353,0.5,0.98435933584,0.906537233028,0.0889283330609,0.0676097512804,0.5,0.103138621009,0.617132675439,0.5,0.5,0.5,0.5,0.5,0.5,0.5

0.995192307692,0.00284090909091,1.0,0.995281339031,0.995281339031,1.0,1.0,0.997983870968,0.997844827586,1.0,0.989201022289,0.5,1.0,0.972464251698,0.94858547281,0.951476510983,0.5,0.914999212157,0.993037135279,0.5,0.5,0.5,0.5,0.5,0.5,0.5
0.00955513784461,0.973536082053,0.0856744442629,0.937195229922,0.9679589599,0.619577816825,0.938445127765,0.992543859649,0.24853982783,0.984132886564,0.111468719353,0.5,0.98435933584,0.906537233028,0.0889283330609,0.0676097512804,0.5,0.103138621009,0.617132675439,0.5,0.5,0.5,0.5,0.5,0.5,0.5

0.995192307692,0.00284090909091,1.0,0.995281339031,0.995281339031,1.0,1.0,0.997983870968,0.997844827586,1.0,0.989201022289,0.5,1.0,0.972464251698,0.94858547281,0.951476510983,0.5,0.914999212157,0.993037135279,0.5,0.5,0.5,0.5,0.5,0.5,0.5
0.00955513784461,0.973536082053,0.0856744442629,0.937195229922,0.9679589599,0.619577816825,0.938445127765,0.992543859649,0.24853982783,0.984132886564,0.111468719353,0.5,0.98435933584,0.906537233028,0.0889283330609,0.0676097512804,0.5,0.103138621009,0.617132675439,0.5,0.5,0.5,0.5,0.5,0.5,0.5

0.995192307692,0.00284090909091,1.0,0.995281339031,0.995281339031,1.0,1.0,0.997983870968,0.997844827586,1.0,0.989201022289,0.5,1.0,0.972464251698,0.94858547281,0.951476510983,0.5,0.914999212157,0.993037135279,0.5,0.5,0.5,0.5,0.5,0.5,0.5
0.00955513784461,0.973536082053,0.0856744442629,0.937195229922,0.9679589599,0.619577816825,0.938445127765,0.992543859649,0.24853982783,0.984132886564,0.111468719353,0.5,0.98435933584,0.906537233028,0.0889283330609,0.0676097512804,0.5,0.103138621009,0.617132675439,0.5,0.5,0.5,0.5,0.5,0.5,0.5

0.00955513784461,0.973536082053,0.0856744442629,0.937195229922,0.9679589599,0.619577816825,0.938445127765,0.992543859649,0.24853982783,0.984132886564,0.111468719353,0.5,0.98435933584,0.906537233028,0.0889283330609,0.0676097512804,0.5,0.103138621009,0.617132675439,0.5,0.5,0.5,0.5,0.5,0.5,0.5
0.995192307692,0.00284090909091,1.0,0.995281339031,0.995281339031,1.0,1.0,0.997983870968,0.997844827586,1.0,0.989201022289,0.5,1.0,0.972464251698,0.94858547281,0.951476510983,0.5,0.914999212157,0.993037135279,0.5,0.5,0.5,0.5,0.5,0.5,0.5

0.995192307692,0.00284090909091,1.0,0.995281339031,0.995281339031,1.0,1.0,0.997983870968,0.997844827586,1.0,0.989201022289,0.5,1.0,0.972464251698,0.94858547281,0.951476510983,0.5,0.914999212157,0.993037135279,0.5,0.5,0.5,0.5,0.5,0.5,0.5
0.00955513784461,0.973536082053,0.0856744442629,0.937195229922,0.9679589599,0.619577816825,0.938445127765,0.992543859649,0.24853982783,0.984132886564,0.111468719353,0.5,0.98435933584,0.906537233028,0.0889283330609,0.0676097512804,0.5,0.103138621009,0.617132675439,0.5,0.5,0.5,0.5,0.5,0.5,0.5

0.00955513784461,0.978744415386,0.0856744442629,0.936968780647,0.967732510624,0.618219121173,0.937879004577,0.992543859649,0.243784393048,0.984132886564,0.106600059933,0.5,0.984246111202,0.906084334478,0.089607680887,0.0680626498311,0.5,0.0984964108642,0.615434305874,0.5,0.5,0.5,0.5,0.5,0.5,0.5
0.990562678063,0.00284090909091,0.99537037037,0.995281339031,0.995281339031,1.0,1.0,0.997983870968,0.997844827586,1.0,0.989201022289,0.5,1.0,0.972553283037,0.94395584318,0.946846881353,0.5,0.914999212157,0.993037135279,0.5,0.5,0.5,0.5,0.5,0.5,0.5

0.00955513784461,0.973536082053,0.0856744442629,0.937195229922,0.9679589599,0.619577816825,0.938445127765,0.992543859649,0.24853982783,0.984132886564,0.111468719353,0.5,0.98435933584,0.906537233028,0.0889283330609,0.0676097512804,0.5,0.103138621009,0.617132675439,0.5,0.5,0.5,0.5,0.5,0.5,0.5
0.995192307692,0.00284090909091,1.0,0.995281339031,0.995281339031,1.0,1.0,0.997983870968,0.997844827586,1.0,0.989201022289,0.5,1.0,0.972464251698,0.94858547281,0.951476510983,0.5,0.914999212157,0.993037135279,0.5,0.5,0.5,0.5,0.5,0.5,0.5

0.00955513784461,0.973536082053,0.0856744442629,0.937195229922,0.9679589599,0.619577816825,0.938445127765,0.992543859649,0.24853982783,0.984132886564,0.111468719353,0.5,0.98435933584,0.906537233028,0.0889283330609,0.0676097512804,0.5,0.103138621009,0.617132675439,0.5,0.5,0.5,0.5,0.5,0.5,0.5
0.995192307692,0.00284090909091,1.0,0.995281339031,0.995281339031,1.0,1.0,0.997983870968,0.997844827586,1.0,0.989201022289,0.5,1.0,0.972464251698,0.94858547281,0.951476510983,0.5,0.914999212157,0.993037135279,0.5,0.5,0.5,0.5,0.5,0.5,0.5

0.00955513784461,0.973536082053,0.0856744442629,0.937195229922,0.9679589599,0.619577816825,0.938445127765,0.992543859649,0.24853982783,0.984132886564,0.111468719353,0.5,0.98435933584,0.906537233028,0.0889283330609,0.0676097512804,0.5,0.103138621009,0.617132675439,0.5,0.5,0.5,0.5,0.5,0.5,0.5
0.995192307692,0.00284090909091,1.0,0.995281339031,0.995281339031,1.0,1.0,0.997983870968,0.997844827586,1.0,0.989201022289,0.5,1.0,0.972464251698,0.94858547281,0.951476510983,0.5,0.914999212157,0.993037135279,0.5,0.5,0.5,0.5,0.5,0.5,0.5

0.00955513784461,0.973536082053,0.0856744442629,0.937195229922,0.9679589599,0.619577816825,0.938445127765,0.992543859649,0.24853982783,0.984132886564,0.111468719353,0.5,0.98435933584,0.906537233028,0.0889283330609,0.0676097512804,0.5,0.103138621009,0.617132675439,0.5,0.5,0.5,0.5,0.5,0.5,0.5
0.995192307692,0.00284090909091,1.0,0.995281339031,0.995281339031,1.0,1.0,0.997983870968,0.997844827586,1.0,0.989201022289,0.5,1.0,0.972464251698,0.94858547281,0.951476510983,0.5,0.914999212157,0.993037135279,0.5,0.5,0.5,0.5,0.5,0.5,0.5

0.990562678063,0.00284090909091,0.99537037037,0.995281339031,0.995281339031,1.0,1.0,0.997983870968,0.997844827586,1.0,0.989201022289,0.5,1.0,0.972553283037,0.94395584318,0.946846881353,0.5,0.914999212157,0.993037135279,0.5,0.5,0.5,0.5,0.5,0.5,0.5
0.00955513784461,0.978744415386,0.0856744442629,0.936968780647,0.967732510624,0.618219121173,0.937879004577,0.992543859649,0.243784393048,0.984132886564,0.106600059932,0.5,0.984246111202,0.906084334478,0.089607680887,0.0680626498311,0.5,0.0984964108642,0.615434305874,0.5,0.5,0.5,0.5,0.5,0.5,0.5

0.00955513784461,0.973536082053,0.0856744442629,0.937195229922,0.9679589599,0.619577816825,0.938445127765,0.992543859649,0.24853982783,0.984132886564,0.111468719353,0.5,0.98435933584,0.906537233028,0.0889283330609,0.0676097512804,0.5,0.103138621009,0.617132675439,0.5,0.5,0.5,0.5,0.5,0.5,0.5
0.995192307692,0.00284090909091,1.0,0.995281339031,0.995281339031,1.0,1.0,0.997983870968,0.997844827586,1.0,0.989201022289,0.5,1.0,0.972464251698,0.94858547281,0.951476510983,0.5,0.914999212157,0.993037135279,0.5,0.5,0.5,0.5,0.5,0.5,0.5

0.00955513784461,0.973536082053,0.0856744442629,0.937195229922,0.9679589599,0.619577816825,0.938445127765,0.992543859649,0.24853982783,0.984132886564,0.111468719353,0.5,0.98435933584,0.906537233028,0.0889283330609,0.0676097512804,0.5,0.103138621009,0.617132675439,0.5,0.5,0.5,0.5,0.5,0.5,0.5
0.995192307692,0.00284090909091,1.0,0.995281339031,0.995281339031,1.0,1.0,0.997983870968,0.997844827586,1.0,0.989201022289,0.5,1.0,0.972464251698,0.94858547281,0.951476510983,0.5,0.914999212157,0.993037135279,0.5,0.5,0.5,0.5,0.5,0.5,0.5

0.00955513784461,0.978744415386,0.0856744442629,0.936968780647,0.967732510624,0.618219121173,0.937879004577,0.992543859649,0.243784393048,0.984132886564,0.106600059932,0.5,0.984246111202,0.906084334478,0.089607680887,0.0680626498311,0.5,0.0984964108642,0.615434305874,0.5,0.5,0.5,0.5,0.5,0.5,0.5
0.990562678063,0.00284090909091,0.99537037037,0.995281339031,0.995281339031,1.0,1.0,0.997983870968,0.997844827586,1.0,0.989201022289,0.5,1.0,0.972553283037,0.94395584318,0.946846881353,0.5,0.914999212157,0.993037135279,0.5,0.5,0.5,0.5,0.5,0.5,0.5

0.00955513784461,0.973536082053,0.0856744442629,0.937195229922,0.9679589599,0.619577816825,0.938445127765,0.992543859649,0.24853982783,0.984132886564,0.111468719353,0.5,0.98435933584,0.906537233028,0.0889283330609,0.0676097512804,0.5,0.103138621009,0.617132675439,0.5,0.5,0.5,0.5,0.5,0.5,0.5
0.995192307692,0.00284090909091,1.0,0.995281339031,0.995281339031,1.0,1.0,0.997983870968,0.997844827586,1.0,0.989201022289,0.5,1.0,0.972464251698,0.94858547281,0.951476510983,0.5,0.914999212157,0.993037135279,0.5,0.5,0.5,0.5,0.5,0.5,0.5

0.00955513784461,0.973536082053,0.0856744442629,0.937195229922,0.9679589599,0.619577816825,0.938445127765,0.992543859649,0.24853982783,0.984132886564,0.111468719353,0.5,0.98435933584,0.906537233028,0.0889283330609,0.0676097512804,0.5,0.103138621009,0.617132675439,0.5,0.5,0.5,0.5,0.5,0.5,0.5
0.995192307692,0.00284090909091,1.0,0.995281339031,0.995281339031,1.0,1.0,0.997983870968,0.997844827586,1.0,0.989201022289,0.5,1.0,0.972464251698,0.94858547281,0.951476510983,0.5,0.914999212157,0.993037135279,0.5,0.5,0.5,0.5,0.5,0.5,0.5

0.00955513784461,0.973536082053,0.0856744442629,0.937195229922,0.9679589599,0.619577816825,0.938445127765,0.992543859649,0.24853982783,0.984132886564,0.111468719353,0.5,0.98435933584,0.906537233028,0.0889283330609,0.0676097512804,0.5,0.103138621009,0.617132675439,0.5,0.5,0.5,0.5,0.5,0.5,0.5
0.995192307692,0.00284090909091,1.0,0.995281339031,0.995281339031,1.0,1.0,0.997983870968,0.997844827586,1.0,0.989201022289,0.5,1.0,0.972464251698,0.94858547281,0.951476510983,0.5,0.914999212157,0.993037135279,0.5,0.5,0.5,0.5,0.5,0.5,0.5

0.995192307692,0.00284090909091,1.0,0.995281339031,0.995281339031,1.0,1.0,0.997983870968,0.997844827586,1.0,0.989201022289,0.5,1.0,0.972464251698,0.94858547281,0.951476510983,0.5,0.914999212157,0.993037135279,0.5,0.5,0.5,0.5,0.5,0.5,0.5
0.00955513784461,0.973536082053,0.0856744442629,0.937195229922,0.9679589599,0.619577816825,0.938445127765,0.992543859649,0.24853982783,0.984132886564,0.111468719353,0.5,0.98435933584,0.906537233028,0.0889283330609,0.0676097512804,0.5,0.103138621009,0.617132675439,0.5,0.5,0.5,0.5,0.5,0.5,0.5

0.995192307692,0.00284090909091,1.0,0.995281339031,0.995281339031,1.0,1.0,0.997983870968,0.997844827586,1.0,0.989201022289,0.5,1.0,0.972464251698,0.94858547281,0.951476510983,0.5,0.914999212157,0.993037135279,0.5,0.5,0.5,0.5,0.5,0.5,0.5
0.00955513784461,0.973536082053,0.0856744442629,0.937195229922,0.9679589599,0.619577816825,0.938445127765,0.992543859649,0.24853982783,0.984132886564,0.111468719353,0.5,0.98435933584,0.906537233028,0.0889283330609,0.0676097512804,0.5,0.103138621009,0.617132675439,0.5,0.5,0.5,0.5,0.5,0.5,0.5

0.00955513784461,0.973536082053,0.0856744442629,0.937195229922,0.9679589599,0.619577816825,0.938445127765,0.992543859649,0.24853982783,0.984132886564,0.111468719353,0.5,0.98435933584,0.906537233028,0.0889283330609,0.0676097512804,0.5,0.103138621009,0.617132675439,0.5,0.5,0.5,0.5,0.5,0.5,0.5
0.995192307692,0.00284090909091,1.0,0.995281339031,0.995281339031,1.0,1.0,0.997983870968,0.997844827586,1.0,0.989201022289,0.5,1.0,0.972464251698,0.94858547281,0.951476510983,0.5,0.914999212157,0.993037135279,0.5,0.5,0.5,0.5,0.5,0.5,0.5

0.995192307692,0.00284090909091,1.0,0.995281339031,0.995281339031,1.0,1.0,0.997983870968,0.997844827586,1.0,0.989201022289,0.5,1.0,0.972464251698,0.94858547281,0.951476510983,0.5,0.914999212157,0.993037135279,0.5,0.5,0.5,0.5,0.5,0.5,0.5
0.00955513784461,0.973536082053,0.0856744442629,0.937195229922,0.9679589599,0.619577816825,0.938445127765,0.992543859649,0.24853982783,0.984132886564,0.111468719353,0.5,0.98435933584,0.906537233028,0.0889283330609,0.0676097512804,0.5,0.103138621009,0.617132675439,0.5,0.5,0.5,0.5,0.5,0.5,0.5

0.00955513784461,0.973536082053,0.0856744442629,0.937195229922,0.9679589599,0.619577816825,0.938445127765,0.992543859649,0.24853982783,0.984132886564,0.111468719353,0.5,0.98435933584,0.906537233028,0.0889283330609,0.0676097512804,0.5,0.103138621009,0.617132675439,0.5,0.5,0.5,0.5,0.5,0.5,0.5
0.995192307692,0.00284090909091,1.0,0.995281339031,0.995281339031,1.0,1.0,0.997983870968,0.997844827586,1.0,0.989201022289,0.5,1.0,0.972464251698,0.94858547281,0.951476510983,0.5,0.914999212157,0.993037135279,0.5,0.5,0.5,0.5,0.5,0.5,0.5

0.00955513784461,0.973536082053,0.0856744442629,0.937195229922,0.9679589599,0.619577816825,0.938445127765,0.992543859649,0.24853982783,0.984132886564,0.111468719353,0.5,0.98435933584,0.906537233028,0.0889283330609,0.0676097512804,0.5,0.103138621009,0.617132675439,0.5,0.5,0.5,0.5,0.5,0.5,0.5
0.995192307692,0.00284090909091,1.0,0.995281339031,0.995281339031,1.0,1.0,0.997983870968,0.997844827586,1.0,0.989201022289,0.5,1.0,0.972464251698,0.94858547281,0.951476510983,0.5,0.914999212157,0.993037135279,0.5,0.5,0.5,0.5,0.5,0.5,0.5

0.00955513784461,0.973536082053,0.0856744442629,0.937195229922,0.9679589599,0.619577816825,0.938445127765,0.992543859649,0.24853982783,0.984132886564,0.111468719353,0.5,0.98435933584,0.906537233028,0.0889283330609,0.0676097512804,0.5,0.103138621009,0.617132675439,0.5,0.5,0.5,0.5,0.5,0.5,0.5
0.995192307692,0.00284090909091,1.0,0.995281339031,0.995281339031,1.0,1.0,0.997983870968,0.997844827586,1.0,0.989201022289,0.5,1.0,0.972464251698,0.94858547281,0.951476510983,0.5,0.914999212157,0.993037135279,0.5,0.5,0.5,0.5,0.5,0.5,0.5

0.995192307692,0.00284090909091,1.0,0.995281339031,0.995281339031,1.0,1.0,0.997983870968,0.997844827586,1.0,0.989201022289,0.5,1.0,0.972464251698,0.94858547281,0.951476510983,0.5,0.914999212157,0.993037135279,0.5,0.5,0.5,0.5,0.5,0.5,0.5
0.00955513784461,0.973536082053,0.0856744442629,0.937195229922,0.9679589599,0.619577816825,0.938445127765,0.992543859649,0.24853982783,0.984132886564,0.111468719353,0.5,0.98435933584,0.906537233028,0.0889283330609,0.0676097512804,0.5,0.103138621009,0.617132675439,0.5,0.5,0.5,0.5,0.5,0.5,0.5

0.00955513784461,0.973536082053,0.0856744442629,0.937195229922,0.9679589599,0.619577816825,0.938445127765,0.992543859649,0.24853982783,0.984132886564,0.111468719353,0.5,0.98435933584,0.906537233028,0.0889283330609,0.0676097512804,0.5,0.103138621009,0.617132675439,0.5,0.5,0.5,0.5,0.5,0.5,0.5
0.995192307692,0.00284090909091,1.0,0.995281339031,0.995281339031,1.0,1.0,0.997983870968,0.997844827586,1.0,0.989201022289,0.5,1.0,0.972464251698,0.94858547281,0.951476510983,0.5,0.914999212157,0.993037135279,0.5,0.5,0.5,0.5,0.5,0.5,0.5

0.00955513784461,0.973536082053,0.0856744442629,0.937195229922,0.9679589599,0.619577816825,0.938445127765,0.992543859649,0.24853982783,0.984132886564,0.111468719353,0.5,0.98435933584,0.906537233028,0.0889283330609,0.0676097512804,0.5,0.103138621009,0.617132675439,0.5,0.5,0.5,0.5,0.5,0.5,0.5
0.995192307692,0.00284090909091,1.0,0.995281339031,0.995281339031,1.0,1.0,0.997983870968,0.997844827586,1.0,0.989201022289,0.5,1.0,0.972464251698,0.94858547281,0.951476510983,0.5,0.914999212157,0.993037135279,0.5,0.5,0.5,0.5,0.5,0.5,0.5

0.0127401837928,0.96471477607,0.0864548145727,0.944038084341,0.973945279866,0.620548200211,0.963760170353,0.995614035088,0.257775325996,0.984399404308,0.115291625804,0.5,0.988173558897,0.90802186626,0.0914877774145,0.0665352239294,0.5,0.111129272457,0.623538011696,0.5,0.5,0.5,0.5,0.5,0.5,0.5
1.0,0.00378787878788,1.0,0.993708452042,0.993708452042,1.0,1.0,0.997311827957,0.997126436782,1.0,0.996913580247,0.5,1.0,0.966490797136,0.95237489889,0.959434744659,0.5,0.936627908819,0.990716180371,0.5,0.5,0.5,0.5,0.5,0.5,0.5

